0000111111100000111111111000111100011110111000000111011100000011111110000001110000000000111000000000011100000000011110000000011110000000011110000000011110000000111110000000111110000000111100000000111100000000011100000000011111111111111111111111111
0000111111000001111111111000111000011100111000000111011100000011111100000001110000000000111000000000011100000000011100000000011110000000011110000000011110000000111100000000111100000000111100000000111100000000111100000000011111111111111111111111111
000011111000001111111110011111111111011110001111111100000111111100000111000000000111000000000111000000001111000000011110000000111110000001111100000011111000000111110000001111100000011111000000011110000000111111111111111111111111111111111111
000111111100001111111111001111111111110111111011111111111101111111111100111111111110011111100000011111110000001111110000001111111000000111111000000111111100000011111100000011111100000011111110000001111110000001111110000001111111000000111111111111111111111111101111111111111
000011111000001111111110011111111111111111111111111110001111111000000111000000000111000000001111000000011111000000111110000011111100000111111000001111100000011111000000111110000000111100000000111000000000111111111111111111111111111111111111111111111111
000011111000000111111111000111111111110111111111111111111000011111110000001111000000000111100000000111100000000111110000000111110000000111110000001111110000001111100000001111100000000111100000000111100000000011100000000001111111111110111111111111111111111111110111111111110
0000111111100001111111111001111100011110111100000111111100000011111110000001110000000000111000000000011100000000011110000000011110000000011110000000011110000000111110000000111110000000111100000000111100000000111100000000011111111111111111111111111
0000111111000000111111110000111000011100111000000111011000000011111100000001110000000000111000000000011100000000011100000000011100000000011100000000011100000000111100000000111100000000111100000000111100000000011100000000011111111111111111111111111
000111111110000011111111111100011111111111110011111111111111011100000111111010000000111111000000000011111000000000011111000000000111110000000000111110000000001111100000000011111000000000111110000000011111100000000111111000000001111110000000111111111111111111111111111111011111111111111111111111111111
000011111000000111111111000111111111110111111111111111111000011111110000001111000000000111100000000111100000000011110000000111110000000111110000001111110000001111100000001111100000000111100000000111100000000011100000000001111111111110111111111111111111111111110111111111110
000011111000001111111110011111111111111111111111111110001111111000000111000000000111000000001111000000011111000000111110000011111100000111111000001111100000011111000000111110000000111100000000111000000000111111111111111111111111111111111111111111111111
000111111100011111111110111111111111111111011111111110011111111110011111111110011111000000111111000000111111000001111111000001111110000011111100000011111100000111111000001111110000001111110000011111100000111111000000111111111111111111111111111111111111
0000111111000000111111110000111000011100111000000111011000000011111100000001110000000000111000000000011000000000011100000000011100000000011100000000011100000000111100000000111100000000111100000000111100000000011100000000011111111111111111111111111
000111111100011111111110111111111111111111011111111110011111111110011111111110011111000000111111000000111111000001111111000001111110000011111100000011111100000111111000001111110000001111110000011111100000111111000000111111111111111111111111111111111111
0001111110000011111111111000111111111111001111111111111011000000111110000000000111100000000001111000000000011110000000000111100000000011110000000001111000000000111110000000011111000000001111100000001111100000000111110000000011111111111111111111111111111111111111111111111111111111
000111111100001111111110011110001111111000000111111000000111111000000111000000000111000000000111000000001111000000011110000000111100000001111000000111110000001111100000011110000000111100000000111000000000111111111111111111111111
0000111111100001111111111001111100011110111000000111111100000011111110000001110000000000111000000000011100000000011110000000011110000000011110000000011110000000111110000000111110000000111100000000111100000000111100000000011111111111111111111111111
000111111000011000111101100000111011000000110111000001101110000011000000001110000000011000000001110000000011000000001100000000110000000010000000001000000100110000001011000000111111111111111111111111
000111111000001100001110011000000110011000000110011100000111011100000110000000000110000000001110000000001100000000011000000000110000000001100000000011000000000110000000001100000011011000000010011111111110011111111110100000000000
000111111110000011111111111100011111111111110011111111111111011100000111111010000000111111000000000011111000000000011111000000000111110000000000111110000000001111100000000011111000000000111110000000011111100000000111111000000001111110000000111111111111111011111111111111011111111111111111111111111111
00011111111000000111111111111000011111111111110001111111111111000111000001111110010000000111111100000000001111110000000000111111000000000111110100000000011111000000000011111000000000011111000000000011111000000000111111000000000111111000000000111111000000011111111111111111011111111111111101111111111111110111111111111111
000111111100011111111110111111111111111111011111111111011111111110011111111110011111000000111111000000111111000001111111000001111110000011111110000011111100000111111000001111111000011111110000011111100000111111100000111111111111111111111111111111111111
000011111000001111111110011111111111111111111111111100001111111000000111000000000111000000001111000000011111000000111110000001111100000111111000001111100000011111000000111100000000111100000000111000000000111111111110111111111111111111111111111111111111
0000111111100000111111111000111100011110111000000111011100000011111110000001110000000000111000000000011100000000011110000000011110000000011110000000011110000000111110000000111110000000111100000000111100000000011110000000011111111111111111111111111
000011111000000111111111000111111111110111111111111011110000111111110000001111000000000111000000000111100000000111110000000111110000000111110000001111110000001111100000001111100000001111000000000111100000000011100000000001111111111100111111111111111111111111111111111111110
0000111111000000111111110000111000011100111000000111011000000011111100000001110000000000111000000000011000000000011100000000011100000000011100000000011100000000111100000000111100000000111100000000111100000000011100000000011111111111111111111111111
000111111110000011111111111111011111111111111011111111111111011100000111111010000000111111000000000011111000000000011111000000000111110000000000111110000000001111100000000011111000000000111110000000011111100000000111111000000001111110000000111111111111111011111111111111011111111111111111111111111111
000011111110000011111111111100011111111111110011111111111111011100000111111010000000011111000000000011111000000000011111000000000111110000000000111110000000001111100000000011111000000000111110000000001111100000000111111000000001111110000000111111111111111111111111111111011111111111111011111111111111
000011111000000111111111000111111111110111111111111111111000111111110000001111000000000111100000000111110000000111110000000111110000001111110000001111110000001111100000001111100000001111100000000111100000000011100000000001111111111110111111111111111111111111111111111111110
001111110000110000111001000000110110000001111110000011111100000110000000001100000000111000000001100000000110000000011000000001100000000110000000011000000001100000011110000000101111111111011111111110
0000111111000000111111111000111100011110111000000111011100000011101110000001110000000000111000000000011100000000011110000000011110000000011110000000011110000000111110000000111110000000111100000000011100000000011100000000011111111111111111111111111
00001111100000011111111100011111111111001111000111101111000001111111100000111100000000011110000000001110000000001111000000001111100000001111100000001111100000001111100000001111100000001111100000001111100000000111100000000111111111111111111111111111111111111111
0000111111100001111111111001111100011110111100000111111100000011111110000001110000000000111000000000011100000000011110000000011110000000011110000000011110000000111110000000111110000000111100000000111100000000111110000000011111111111111111111111111
0001111110000011111111111000111111111111001111111111111011000000111110000000000111100000000001111000000000011110000000001111100000000011110000000001111000000000111110000000011111000000001111000000001111100000000111110000000011111111111111111111111111111111111111111111111111111111
0000111110000111111110011100001111110000001111100000011010000000110000000011100000001111000000011100000011111000000111100000111100000011110000001111000000111100000001111111111111111111111
000011111000001111111100011111111110011100001111111000000111111000000111000000000111000000000111000000001110000000011110000000111100000001111100000011111000000111100000001111000000011110000000011100000000111111111111111111111111111111111111
000111111100001111111111001111111111110111111011111111111101111111111100111111111111011111100000001111110000001111110000001111111000000111111000000111111100000011111100000011111100000011111110000001111110000001111110000001111111000000111111111111011111111111101111111111110
00001111110000000111111111000011110001111001110000001110011100000011100111000000111000000000001110000000000011100000000001111000000000111100000000011110000000001111000000001111100000000111110000000011110000000000111000000000011100000000001111111111111111111111111111
000011111100000111111110001110000111011100000011011100000011011000000011000000000111000000001111000000011110000000111110000001111100000011110000000111100000001111000000011110000000111111111111011111111111
