0000111111000001111111110001111000111100111000001110111100000111000000000011110000000001110000000001111000000111110000000011111100000000000111100000000001110000000000111000000000011111100000001110111000000111011110000111000111111111100000111111000
001111110001100011101100000111111000011111100001110000000111000000011000000011000001111000000000111000000001110000000011000000001111100000111110000011111000011111100011100011111100
00001111110000001111111111000111100011110001110000011110111100000111100000000001111000000000011110000000001111000000011111100000000111111100000000000111100000000000111000000000001111000000000011111111000000111111110000001111011110000111100011111111110000001111110000
00000111110000000111111111000011111111111001111111111110011110000111100011000000111000000000001110000000001111100000111111111000001111111100000011111111000000011111111000000000111110000000000011110000000000111101110000001111011100000011111111100001111001111111111110001111111111000001111111100000001111110000
000111111000011111111110111100011110111000001111111000001111000000001111000000001110000000011110000011111100000011111110000000001111000000000111000000000111000000000111111000000111111000000111111100001111011111111110000111111000
0111111110011111111110110000011110000000011100000000111000000001110000000011100000001111000000111100111111100000111111110000000111110000000011100000000111000000001110000000011100000000111110000111111111111111001111111000
0001111111100011111111111110011111111111110111111111111101000000011111000000000011110000000000111100000000011111000011111111100000011111110000000111111110000001111111110000000000111100000000001111100000000011111110000001111111111111111111111111111111111111111111111000111111111000
0001111100001111111100111111111101111000111111100001111000000011110000000111000000111110000011110000000111111000000001111000000001110000000011100000000111111000001111110000011111110001111111111111100111111110000011111000
00001111110000001111111111000111100011110001110000011110111100000111100000000001111000000000011110000000001111000000011111100000000111111100000000000111100000000000111100000000001111000000000011111111000000111101110000001111011110000111100011111111110000001111110000
000011110000001111111100011111111110111111111110111100001111010000000111000000000111000000011110000011111110000111111100000111111100000011111110000000011111000000000111000000000111110000000111110000000111111000001111111111111110011111111110001111111100000111110000
000011111000001111111110011111111110111111111111011100000111011000000111000000000111000000011111000011111111000111111110000111111110000011111111000000011111000000000111000000000111110000000011111000000111111100001111111111111111011111111110001111111100000011111000
0000111111000001111111110001111000111100111000001110011100000111000000000011100000000001110000000001111000000111110000000011111100000000000111100000000001110000000000111000000000011111100000001110111000000111011110000111000111111111100000111111000
0111111110011111111110110000011110000000011100000000111000000001110000000011100000001110000000111000011111100000111111100000000111110000000011100000000111000000001110000000011100000000111110000011111111111111001111111000
000111110000001100011100011000001100011100001110011100001110000000001110000000001100000000011000000011110000000000011100000000001110000000000110000000000111011100000111111100000110011000001110011100011100000111111000
0000111110000001111111110001111111111101111111111110111100001111001100000011100000000001110000000011111000011111111100001111111100000111111110000001111111100000000111110000000000111100000000011111100000001111111000000111111110000111101111111111110011111111110000111111110000001111110000
000111111000001111111100011111111110011100001111011100001111000000001111000000011110000001111100000001111000000001111110000000001111000000000111000000000111000000000111111100000111111100000111011110001111011111111110001111111100000011111000
000111111000011111111100011100001110011000000111000000000111000000000111000000001110000011111100000001111110000000001110000000000111000000000011000000000011000000000011110000000111111111111110001111111000
001111110000110001110011000001110111000011100110000111000000001110000000011000000001110000011110000000000111000000000111000000000110000000001111110000011111100000111111000001100110000110000111111000
00011111000011111111101111111111111111111111111000011111100000011100000000111000000111110011111111100111111110001111111100001111111100000011111000000001110000000011111000000111110000001111110000111111111111111111111111100111111110000111111000
0011111111000011111111110001100000111100000000001110000000000111100000000011100000000001110000000001111000000001111000011111110000000111111110000000001111100000000001111000000000111100000000011110000000001111000000000111101100001111101111111111100101111111000010000000000001000000000000
000111111000011111111100011100001110011000000111000000000111000000000111000000001110000011111100000011111100000000001110000000000111000000000011000000000011000000000111110000001111111111111110011111111000
0000111111000001111111111001111000011100111000001111011100000111100000000001110000000001111000000001111000000111111000000011111110000000000111100000000001110000000000111000000000001111110000001110111000000111011110000111100111111111100000111111000
11111000111111100001111000001111000011110000111100001111000111101111110011111110000011110000011100000111000001110000011100000111000011111111111011111000
001111100000100001100011000001100110000011001100000110000000001100000000011000000001100000011110000000000110000000000110000000000110000000001101100000011011000000110110000011001100001110000111110000
0000011110000110111111110010111111111100111111111110011110000111100100000001110000000000111000000001111000000111111100000111111100000011111110000000111111100000000011111000000000011100000000001110110000000111011000000011101110000011110111111111110001111111111000011111111000000111110000
000111111110000111111111111100111111111111110111111111111111010000000111111000000000011111000000000011111000000000111110000011111111100000011111111000000001111111100000001111111111000000000011111000000000011111100000000011111111000000111111111111111111111111111111111110111111111111100001111111110000
000011111000001111111100001111111110011110001111011100000111000000001111000000001110000000111100000001111000000001111110000000001111000000000111000000000111000000000111111100000111011100000111011110001111011111111110000111111100000011111000
11111110001111111100000001111000000011100000001110000000111000000011100000011100000011100011111100001111111000000011111000000011100000001111000000111100000011110000001111000001111011111111001111110000
001111111100001111111111101111111111111111111011111111111101111111111110111111111111011111100000001111110000111111110000011111110000001111111110000000111111111111011111111111101111111111110111111111111011111111111101111111111111111111011111111111101111111111100001111111000
00011111000000111111111000011000001100001000000011000000000001100000000000110000000000111000000111111000000011111100000000000111000000000001100000000000011000000000001100000000001100110000000110011111111110000111111100000
0000111111000001111111111001111000111100111000001111111100000111100000000011110000000001110000000001111000000111111000000011111110000000000111100000000001110000000000111000000000011111110000001110111000000111011110000111100111111111100000111111000
001111111100001111111111001111111111110111111011111011111101111111111110111111111111011111100000001111100000111111110000011111110000001111111100000000111111111111011111111111101111111111110111111111111011111111111101111111111111111111011111111111001111111111100001111111000
000111111110000011111111111100011111111111110111111111111110010000000111110000000000011110000000000011110000000000111110000001111111100000011111110000000001111111100000001111111110000000000011111000000000011111100000000011111111000000111111111111111111110111111111111110111111111111100001111111100000
0000111110000001111111110001111000111100111000001110011000000111000000000001100000000001110000000001110000000111110000000011111100100000000111010000000001111000000000111000000000011111100000001110110000000111011100000111000111111111000000111111000
001111111100001111111111101111111111110111111011111111111101111111111110111111111111011111100000001111110000111111110000011111110000001111111100000000111111111111011111111111101111111111110111111111111011111111111101111111111111111111011111111111001111111111100001111111000
001111111100001111111111101111111111111111111011111111111101111111111110111111111111011111100000001111110000111111110000011111110000001111111110000000111111111111011111111111101111111111110111111111111011111111111101111111111111111111011111111111101111111111100001111111000
001111100001000011001100000110110000011011000001100000000110000000011000000011000001111000000000110000000001100000000011000000001111000000111100000011110000011011000011100011111000
001111110000110001110011000001110111000011101110000111000000001110000000011000000001100000011110000000000111000000000111000000000111000000001111110000011111100000111111000011101110001110000111111000
0111111110011111111110110000011110000000011100000000111000000001110000000011100000001110000000111000011111100000111111100000000111110000000011100000000111000000001110000000011100000000111110000011111111111111001111111000
000111111110000111111111111100011111111111110011111111111111010000000111111000000000011111000000000011111000000000111110000001111111100000001111111000000001111111100000001111111111000000000011111000000000011111100000000011111111000000111111111111111111111111111111111110111111111111100001111111110000
000111110000011111111000011111111100111100011110111000001110000000011110000000011100000001111100000011110000000011111100000000011110000000001110000000001111000000001111111000001111111000001110111100011110111111111100011111111000000111110000
0000111111000001111111110001111000111100111000001110011100000111000000000011110000000001110000000001111000000111110000000011111100000000000111100000000001110000000000111000000000011111100000001110111000000111011110000111000111111111100000111111000
