000000000011100000000000011110000000000011111000000000011111100000000001111110000000001111111000000001111111100000000111101110000000111100111000000111100011100000111110001110000011110000111000011111111111111111111111111111111111111111111111011111111111111000000000001110000000000000111000000000000011100000000000001110000000000000111000
00000011110000011111000001111100001111110000111111000111011100111101110011100111011100011111110001111111111111111111111100000001110000000111000000011100001111110000011111
000011111111100000111111111000001111111110000111111111100001111111111000011111111110001111111111100011111111111001111101111110011111111111101111100111111011111011111110111111111111111111111111111111111111111111111111111111111111111111111100000001111110000000011111100000000111111000000011111110
0000001111000000011110000001111100000111111000001111110000111011100011110111000111001110011100011101111000111011111111111111111111110000000111000000001110000000011100000011111100000111111
0000000001111000000000111110000000011111100000000111111000000011111110000001111111100000111101111000001110011110000111000111100011110001111001111000011110011100000111101111111111111111111111111111000000000111100000000001111000000000011110000000000111100000000001111000000000011110
00000000011111000000000011111100000000011111110000000011111111000000001111111100000001110011110000001111001111000001111000111100001111000011110001111000011111000111000000111100111111111111111111111111111111111111111111111111111111111111111100000000001111000000000000111100000000000111110000000000001111000000000000111100
00000000011111100000000011111100000000011111110000000011111111000000011111111110000001111011110000001111011111100001111000111100001111000111111001111000001111000111000000111110111111111111111111111111111111111111111111111111111111111111111100000000001111000000000000111100000000000011110000000000001111100000000000111100
0000000011100000000011110000000011111000000001111100000001111110000000111111000000111011100000111001110000111100111000011100011100011100001110011110000111001110000011100111111111111111111111111110000000011100000000001110000000000111000000000011100
00000000011100000000000011110000000000011111000000000001111100000000001111110000000001110011000000001110011100000000110000110000000111000011000000111000011100000011000000110000011000000111000011111111111111100111111111111110000000000111000000000000011100000000000001110000000000000111000000000000011100000000000001110000
0000000011000000000011110000000001110000000001111000000001111100000000111111000000110011000000111001100000011000110000011000011000011100001100001100000111001100000011000111111111111111111111111110000000011000000000001100000000000111000000000011000
000000001100000000011000000000111000000000111000000001111000000011011000000010011000000110011000000100011000001100011000011000011000010000011000111111111111000000011000000000011000000000011000000000011000000000011100000011111111
0000000011100000000011110000000001111000000001111100000001111110000000111111000000111011100000111001110000011100111000011100011100011100001110001110000111001110000011100111111111111111111111111110000000011100000000001110000000000111000000000011100
00000011100000001111000000011110000001111100000111111000001111110000111011100011100111000111001110011100011100110000111001100001110010000011100111111111111111111111100000011100000000111000000001110000000011100
00000000111000000000001110000000000111100000000011111000000001111110000000011111100000001110111000000011001110000001110011100000111000111000001100001110000111000011100011100000111000111111111111111111111111111100000000111000000000001110000000000011100000000000111000
0000000111000000000011100000000011110000000001111000000001111100000001101110000000110111000000110011100000110001110000011000111000011000011100001000001110001111111111111000000011100000000001110000000000111000000000011100000000001110000000111111110
00000000011111100000000011111110000000011111111000000011111111000000011111111110000001111011110000001111011111100001111000111100001111000111111001111000011111100111000000111100111111111111111111111111111111111111111111111111111111111111111100000000001111000000000000111110000000000111110000000000011111100000000000111110
000000000011000000000000111000000000001111100000000011111100000000011111100000000111111100000001111011100000001110011100000011100011100000111100011100001111000011100001110000011100011111111111111111111111111111111111111111111011111111111111000000000011100000000000011100000000000011100000000000011000000000000011000
000000001111000000000011110100000001111100000000111111000000011111110000000111111100000011111111000001111101110000011110011100001111000111000111110001110001111000011100111111111111111111111111111111111111111111111111111111110000000001110000000000011100000000000111000000000001110000000000011100
000000000111100000000000111100000000001111100000000011111100000000111111100000000111111100000001111111100000011111011100000011110011100000111100011100001111100011100001111000011100011111111111111111111111111111111111111111111011111111111111000000000011100000000000011100000000000011100000000000011100000000000011100
000000000011100000000000011110000000000011111000000000011111100000000001111110000000001111111000000001111111100000000111101110000000111100111000000111100011100000111110001110000011110000111000111111111111111111111111111111111111111111111111011111111111111000000000001110000000000000111000000000000011100000000000001110000000000000111000
000001111111100000111111111000001111111110000111111111100001111111111000011111111110000111111111100011110111111000111101111110011110011111100111100111111011111001111110111111111111111111111111111111111111111111111111111111111111111111111100000001111110000000011111100000000111111000000001111110
00000000011100000000000011110000000000011111000000000001111100000000001111110000000001110111000000001111011100000000111001110000000111000111000000111000011100000011100001110000011100000111000011111111111111101111111111111110000000000111000000000000011100000000000001110000000000000111000000000000011100000000000001110000
00000000111000000000011110000000000111100000000011111000000001111110000000011111100000001110111000000111001110000001100011100000111000111000011100001110000110000011100011100000111000111111111111111111111111111000000000111000000000001110000000000011100000000000111000
0000001111000000011110000001111100000111111000001101110000111011100011100111000111001110011100011100111000111011111111111111111111110000000111000000001110000000011100000011111100000111111
0000000011000000000011100000000001110000000001111000000001111100000000111110000000110011000000111001100000011000110000011000011000011100001100001100000110001100000011000111111111111111111111111110000000011000000000001100100000000110000000000011000
000000001110000000000111100000000011111000000001111110000000011111100000001111111000000111111110000001111011100000111100111000011110001110001111100011100011110000111000111111111111111111111111111111111111111111111111111111100000000011100000000000111000000000001110000000000011100000000000111000
0000000011000000000011110000000001110000000001111100000001111100000000111110000000110011000000111001100000011000110000011000011100011100001100001100000110001100000011000111111111111111111111111110000000011000000000001100000000000110000000000011000
0000000011100000000011110000000001111000000001111100000001111110000000111111000000111011100000111001110000011000111000011100011100011100001110001100000111001110000011100111111111111111111111111110000000011100000000001110000000000111000000000011100
