0011111111111011111111111101110000000000111000000000011100000000001110000000000111111111000011111111111001111000011100111000000111000000000011100000000000110000000000011000000000011111100000001111111000000111011110001111000111111111000000111111000
01111111111110011111111111110111111111111101111111111110011100000000000111000000000101110111111001011111111111010111111111111111111111111111111111000011111111000000011101100000000111000000000001110000000000011100000000000111011000000011111111000001111011111111111110011111111111000011111111100000001111100000
011111111111110011111111111110011111111111110011111111111100011110000000000011100000000000011100111110000011111111111000011111111111100011111111111110011111000001110111100000001111011000000001111000000000001111000000000001111000000000001110011000000011110011100000111110011111111111100011111111111000001111111110000000011111000000
00111111111110011111111111100111100000000001110000000000011100000000000111000000000001111111110000011111111111000111100001111001110000001111000000000011110000000000011100000000000111000000000011111111000000111101110000001110011110001111100011111111110000001111110000
0111111111101111111111011000000000110000000001100000000011000000000110000000001111110000011111111000000011111000000001110000000001110000000011100000000111000000001110000000011100000001111000000111101111111110001111110000
0111111111101111111111011000000000110000000001100000000011000000000110000000001111110000011111111000000011111000000001110000000001110000000011100000000111000000001110000000011100000001111000000111101111111110001111110000
011111111111111011111111111111011111111111111011111111111111011111000000000011111000000000011111000000000011111111110000011111111111100011111111111111011111111111111011000000111111000000000001111000000000001111100000000011111011000000111111011111111111110111111111111110011111111111100000111111100000
0111111111111011111111111101111000000000111100000000011100000000001110000000000111111111000011111111111001111000011110111000000111000000000011100000000000110000000000111000000000011111110000001111111000001111011110001111100111111111100001111111000
011111111110011111111110011100000000011100000000011100000000011101111000011111111110011110001110001000000111000000000011000000000011000000000011000000000011000000000111110000001110111111111100001111111000
111111111111111111111111101111111111110111111000000011111100000001111110000000111111111111011111111111111111111111111111111011111111111101111110000000111111000000011111111111101111111111110111111111111011111111111101111111111110111111011111111111100111111111100001111111100
011111111100111111111001000000000010000000000100000000001000000000011111110000111000110001100000110000000001100000000011100000000111000000001111110000011111100000110110000011100110001110000111111000
011111111110111111111110011000000000111000000000111000000000111000000000111111111000111111111100111100001110110000000111000000000111000000000011000000000011000000000111110000000111110000000111111000011110011111111100000111110000
00111111111110001111111111100111100000000000110000000000001100000000000111000000000001111111110000011111111111000111100001111001110000001111000000000001110000000000011100000000000111000000000001111111000000111101110000001110011110000111100011111111110000001111110000
00111111111110001111111111100011100000000000110000000000001100000000000111000000000001111111110000011111111111000111100001111001110000001111000000000001110000000000011100000000000111000000000001111111000000111101110000001110011110000111100011111111110000001111110000
00111111111110011111111111100111100000000001110000000000011100000000000111000000000001111111110000011111111111000111100001111001110000001110000000000011110000000000011100000000000111000000000011111111000000111111110000001110011110001111100011111111110000001111110000
11111111111110111111111111101111111111111011111111111100111100000000001110000000000011100111110000111111111111001111111111110011111111111110111110000011101110000000111111000000001111000000000011110000000000111100000000001110110000000111101110000011111011111111111100111111111110000111111111000000011111000000
1111111111111111111111111111111111111111111111111110111100000000011100000000001110011111000111111111110011111111111101111111111111111110000011111100000001111100000000111000000000001100000000001110000000000111110000000111111100000111111111111111110111111111110001111111110000001111100000
111111111111111111111111101111111111111011111000000011111100000001111110000000111111111111011111111111111111111111111111111111111111111101111110000000011111000000011111111111101111111111110111111111111001111111111100111111111111111111011111111111100111111111100000111111100
01111111111110011111111111100111000000000001110000000000011100000000000111000000000001111111110000011111111111000111100001111001110000001110000000000011110000000000011100000000000111000000000011111110000000111011110000001110011110001111000011111111100000001111110000
001111111110001111111111001111111110001110000000001100000000011100000000011101111000011111111100011111111110011100001111000000000111000000000111000000000111000000000111000000000111111000000111011100001110011111111110001111111100000011110000
001111111111100011111111111100011110000000000011100000000000011100000000000011100000000000011111111100000011111111111000011110000111100011100000011110000000000011110000000000001110000000000001110000000000011110111100000011110111100000011100011110001111100001111111111000000011111100000
001111111111100011111111111100011110000000000011100000000000011100000000000011100000000000011111111100000011111111111000011110000111100011100000011100000000000011110000000000001110000000000001111000000000011111111100000011110011100000011100011110001111100001111111111000000011111100000
0111111111111011111111111101111000000000111100000000011100000000001110000000000111111111000011111111111001111000011110111000000111000000000011100000000000110000000000011000000000011111110000001111111000001111011110001111100111111111100000111111000
111111111111001111111111110011111111111100111111000000001111110000000011111100000000111111111110001111111111110011111111111110111111011111101111110111111000000001111110000000011111101111110111111011111101111110111111011111101111110111111011111101111110011111111111100011111111110000011111110000
01111111111110011111111111110111111111111101111111111110011100000000000111000000000001110111111000011111111111000111111111111001111111111111111111000011111111000000011101100000000111000000000001110000000000011100000000000111011000000011111111000001111011111111111110011111111111000011111111100000001111100000
0111111111111011111111111101110000000000111000000000011100000000001110000000000111111111000011111111111001111000011110111000000111000000000011100000000000110000000000011000000000011111100000001111111000000111011110001111000111111111000000111111000
0111111111111011111111111101110000000000111000000000011100000000001110000000000111111111000011111111111001111000011110111000000111000000000011100000000000110000000000011000000000011111100000001111111000000111011110001111000111111111000000111111000
011111111101111111110110000000010000000001000000000100000000011111110011110001111110000111000000001100000000110000000011000000001111100000111110000011110000011101100011100011111100
111111111111101111111111110011111111111110111111000000000111110000000011111100000000111111111111001111111111111011111111111110111111111111101111110111111100000000111111000000011111111111110011111111111101111111111111001111111111110011111011111111111110011111111111100011111111110000011111111000
011111111110011111111110011100000000011100000000011100000000011101111000011111111100011110001110001000000111000000000011000000000011000000000011000000000011000000000111110000001111111111111100001111111000
0011111111111011111111111101110000000000111000000000011100000000001110000000000111111111000011111111111001111000011100111000000111000000000011100000000000110000000000011000000000011111100000001111111000000111011110001111000111111111000000111111000
110000000000000100000000000000000111111111110000111111111110000111000000000000110000000000000110000000000001110000000000001111111110000001111111111100001111000011110001110000001110000000000000111000000000000111000000000000111000000000000111011110000001111001110000001110001111000011110000111111111100000001111110000
011111111101111111110100000000010000000001000000000100000000111111110011100011101100000111000000001100000000110000000011000000001111000000111100000111110000011101100011100011111100
00111111111110001111111111100111100000000000110000000000001100000000000111000000000001111111110000011111111111000111100001111001110000001111000000000001110000000000011100000000000111000000000001111111000000111101110000001110011110000111100011111111110000001111110000
0111111111111011111111111101110000000000111000000000011100000000001110000000000111111111000111111111111011111000011111111000000111000000000011100000000000110000000000011000000000011111100000001111111000000111011110001111000111111111000000111111000
00111111111110001111111111100011100000000000110000000000001100000000000111000000000001111111110000011111111111000111100001111001110000001110000000000001110000000000011100000000000111000000000001111111000000111101110000001110011110000111100011111111110000001111110000
1111111111110111111111111011110000000001111000000000111000000000011100000000001111111110000111111111110011110000111101110000001111000000000111100000000001110000000000111000000000111111100000011111110000011110111100011111011111111111000001111110000
00111111111110001111111111100011100000000000110000000000001100000000000111000000000001111111110000011111111111000111100001111001110000001110000000000001110000000000011100000000000111000000000001111111000000111101110000001110011110000111100011111111110000001111110000
0111111111111011111111111101111000000000111100000000011100000000001110000000000111111111000011111111111001111000011110111000000111000000000011100000000000110000000000111000000000011111110000001111111000001111011110001111100111111111100000111111000
00111111111110011111111111100111000000000001110000000000011100000000000111000000000001111111110000011111111111000111100001110001110000001110000000000011110000000000011100000000000111000000000011101110000000111011110000001110011110001111000011111111100000001111110000
01111111111111111111111111110111111111111101111111111110011110000000000111100000000001111111111000011111111111001111111111111001111111111111111111000011111111000000011101110000000111000000000001110000000000011100000000000111011000000011111111000001111111111111111110011111111111100011111111100000001111100000
