0000111111100000111111111000111100011110111100000111011110000011101110000000001111000000000111101111110011111111111101111110001111111100000011111110000001111111000000011011100000001101110000001110111100000111001111000111100011111111100000111111000
000000111111110000011111111110000111111111110001111111111110011111110000010011111000000000111110000000000111110011111000111111111111110111111111111111111111111111111111110000011111111110000001111111110000001111111110000001111011111000011111011111111111111001111111111110000111111111100000001111110000
00001111111000000111111111000011110001111000111000001110011110000011110111000000000001110000000000011101111110000111111111110011111100011110111100000011110111000000011111110000000111011100000001110111000000011100111000001110001111000111100001111111110000000111110000
00000000100000000000111100000000011111000000001111100000000011110000000001111000000000111100000000001110000000000111111111000001111111111100011111111111101111111111111011110000001111111000000001111111000000011111110000000111011100000011110111100001111101111111111110001111111111000001111111100000001111110000
0000111111100000111111111000111100011110011100000111011110000011101110000000000111000000000011101111110011111111111101111110001111111100000011111110000001110111000000011011100000001101110000001110111100000111001111000111100011111111100000011111000
00001111111000000111111111000011110001111000111000001110011110000011110111000000000001110000000000011101111110000111111111110001111100011110111100000011100111000000011101110000000111011100000001110111000000011100111000001110001111000111100001111111110000000111110000
00000111111000001111111111001111000001101111000000000111000000000111100000000011100000000001110011111000111111111111011111000011111111000000111111100000011111100000000111110000000111111100000001111110000001110111000000111001111000111000011111111000000111111000
00000111110000001111111100001111111111000111000011100111100001111011100000000001110000000000111001111000011111111110011111111111100111100011110111110000111101110000011110111000000111011100000011101111000011110011100001110001111111111000011111111000000011110000
00001111110000000111111111000011110001111001111000001110011100000011100111000000000001110000000000111101111100001111111111110011111000011110111100000011101110000000111111110000000111011100000001110111000000111101111000001110001111000111100001111111110000001111110000
0000001111000001111111000111000110011000000001100000000111000000001100111100011111111100111100001101110000011111100000011110000000111110000001101100000111011100001100011111111000011111000
0000111111100000111111111000111100011110111100000111011110000011101110000000000111000000000111101111110011111111111101111110001111111100000011111110000001111111000000011011100000001101110000001110111100000111001111000111100011111111100000111111000
0000111111000000111111110000111100011100011100000111011100000011101110000000000110000000000111001111100001111111111001111100001110111000000011111100000001111110000000011111000000001101110000001110111000000111001110000111000011111111000000111111000
000000011111110000011111111110000111111111110001111111111110011111100000010011111000000000111110000000000111110011111000111111111111110111111111111111111111111111111111110000011111111110000001111111110000001111111110000001111011111000011111011111111111111001111111111110000111111111100000001111110000
000111111110000111111111100111111111111011111011111111111100111111111110011111111111000000011111111111101111111111111111111111111111111111111111111110011111111111001111111111100111111111110011111111111001111111111100111110111110111111011111111111100111111111100000111111100
00001111111000000111111111000011110001111000111000001110011110000011110111000000000001110000000000011101111110000111111111110001111100011110111100000011110111000000011101110000000111011100000001110111000000011100111000001110001111000111100001111111110000000111110000
100001111000000111111100001111111110011110001111011100000111011100000000011000000000111101111000111011111100111111111110111110001111111100000111111100000111111100000111011100000111011100000111011110001111001111111110000111111100000011111000
00001111111000000111111111000011110001111001111000001110011110000011110111000000000001110000000000111101111110001111111111110011111100011110111100000011101111000000111111110000000111011100000001110111000000111101111000001110001111000111100001111111110000001111110000
000011111100000111111110001111111111011110001111011110000111011100000000111100000000111101111100111111111110111111111111111110001111111110000111111100000111111100000111011100000111011110000111011110001111001111111111000111111110000011111000
00000000110000000000111100000000011111000000001111100000000111110000000001111000000000111100000000001110000000000111111111000001111111111100011111111111101111111111111111111000001111111100000001111111000000011111110000000111011100000011110111100001111101111111111110001111111111100001111111110000001111110000
00011111110000001111111110000111100011110001110000011100111100000111101110000000000011100000000000111011111100001111111111100011111000111100111000000111001110000000111011100000001110111000000011101110000000111001110000011100011110001111000011111111100000001111100000
0000001111100001111111000111000110011100000001110000000111000000001110111100011111111110111110001111111000011111100000011111000000111110000001101100000011011100001110011111111000001111100
000000011111100000011111111100000111111111100001111111111100011111100000000011110000000000111110000000000111100011111000111111111111100111111111111110111111111111111111100000011111111100000001111111100000001111111110000001111011110000011111011111111111110001111111111110000111111111000000001111100000
0000001111100001111111000111000110011000000001100000000111000000001100111100011111111110111110001101111000011111100000011111000000111110000001101100000011011100001110011111111000011111000
0000111111000000111111111000111100011110111100000111011100000011101110000000000111000000000111101111100011111111111101111100001111111100000011111100000001111111000000011011100000001101110000001110111100000111001111000111100011111111100000111111000
0000111111100000111111111000111100011110111100000111011110000011101110000000000111000000000011101111110011111111111101111110001111111100000011101110000000111111000000011011100000001101110000001110111100000111001111000111100011111111100000011111000
000011111110000111111111100111111111111011111001111111111100111111111110011111111111000000011111111111101111111111111111111111111111111100111111111110011111111111001111111111100111111111110011111111111001111101111100111110111110011111011111111111100111111111100000111111100
00000111111100001111111111001111000001101111000000000111000000000011100000000011110000000001110011111100111111111111011111000011111111000000111111100000011111110000000111111000000011111100000001101110000001110111100000111001111000111100011111111100000111111000
00000111100000001111111000001111111110001111000111100111000001110011100000000011100000000000111011110000111011111100011111111111001111100011110111100000111011110000011101111000001110011100000111001110000011100111100011110001111111110000011111110000000111110000
00000000110000000000111100000000011111000000001111100000000111111000000001111000000000111100000000011111000000000111111111100001111111111100011111111111101111111111111111111000001111111100000001111111000000011111110000000111111100000011110111100001111101111111111110001111111111100001111111110000001111110000
000111111000111001110110000111011000011111100000001100000000110000000011011111101111000111111000001111000000111100000011110000001111000000111110000011011000001101110001110001111100
0000111111000000111111110000111100011100011100000111011100000011111110000000001110000000000111001111100011111111111001111100001110111000000011111100000001111110000000011111000000001111110000001110111000000111001110000111000011111111000000111111000
00000000100000000000111100000000011111000000001111100000000011110000000001111000000000111100000000001110000000000111111111000001111111111100011111111111101111111111111011110000001111111000000001111111000000011111110000000111011100000011110111100001111101111111111110001111111111000001111111100000001111110000
0000111111100000111111111000111100011110111100000111011110000011101110000000000111000000000111101111110011111111111101111110001111111100000011111110000001111111000000011011100000001101110000001110111100000111001111000111100011111111100000111111000
00001111110000000111111110000011110001110000111000001110011100000011100111000000000001100000000000011001111100001111111111100011111000011100111100000011100110000000111011100000000110011000000001100111000000111001110000001110001110000111000001111111100000001111110000
00000111111100001111111111001111000001101111000000000111000000000011100000000011110000000001110011111100111111111111011111000011111111000000111111100000011111110000000111111000000011111100000001101110000001110111100000111001111000111100011111111100000111111000
00001111110000000111111110000011110001110001111000001110011100000011100111000000000001100000000000111001111100000111111111100011111000011100111000000011100110000000111011100000000110011000000001100111000000111001110000001110001110000111001001111111100000001111110000
000011111000001100011000110000111001100001110110000000001100000000011000000001110111110011111000110111100000111110000001111100000011011000000110110000001101100000011001100000110011100011000001111100
000000011111110000011111111110000111111111110001111111111110011111100000010011111000000000111110000000000111110011111000111111111111110111111111111111111111111111111111110000011111111110000001111111110000001111111110000001111011111000011111011111111111111001111111111110000111111111100000001111110000
000000111111110000011111111110000111111111110001111111111110011111110000010011111000000000111110000000000111110011111000111111111111110111111111111111111111111111111111110000011111111110000001111111110000001111111110000001111111111000011111011111111111111001111111111110000111111111100000001111110000
000011111100000111111110001111111111011110001111011110000111011100000000111100000000111101111100111111111110111111111111111110001111111110000111111100000111111100000111111100000111011110000111011110001111001111111111000111111110000011111000
0000111111000000111111111000111100011100111100000111011100000011101110000000000111000000000111101111100011111111111101111100001111111100000011111100000001111110000000011011100000001101110000001110111100000111001111000111000011111111100000111111000
0000001111000001111111000111000110011000000001100000000111000000001100111100011111111100111100001101110000011111100000011110000000111110000001101100000111011100001100011111111000011111000
