1111111111111011111111111110000000000011100000000001110000000000011100000000001110000000000111000000000001110000000000111000000000001110000000000111000000000011110000000000111000000000011110000000000111000000000011110000000000111100000000001110000000000111100000000001111000000000
11111111111111111111111111110000000000111000000000001110000000000111100000000001110000000000111100000000001110000000000111100000000001111000000000011100000000001111000000000011100000000001111000000000011110000000000111000000000011110000000000111000000000011110000000
1111111111111111111111111100000000001110000000000111000000000111100000000011100000000011110000000001110000000001111000000000111100000000011100000000011110000000001110000000001111000000000111100000000011100000000011110000000001110000000001111000000
111111111110111111111011100000000110000001001000000110000000001000000000110000000001000000000110000000001100000000110000000001100000000011000000001110000000011100000000111000000001110000000011100000
11111111111111111111111111111111111111100000000111100000000111110000000011110000000011110000000001111000000001111000000000111100000000111100000000011110000000001110000000000111000000000111100000000011110000000001110000000000111000000000111100000000001110000000
111111111111111111111111111111111111000000001111000000001110000000011100000000111000000000111000000001110000000001110000000001100000000011100000000011100000000011000000000111000000000111000000000111000000000111000000000111000000000111000000
1111111111111111111111111100000000001110000000000111000000000111000000000011100000000011110000000001110000000000111000000000111000000000011100000000011110000000001110000000001111000000000111000000000011100000000011110000000001110000000001111000000
1111111111111111111111111100000000011100000000001110000000001111000000000111000000000111100000000011100000000011110000000001111000000000111000000000111100000000011100000000011110000000001111000000000111000000000111100000000011100000000011110000000
1111111111111111111111111100000000001110000000000111000000000111100000000011100000000011110000000001110000000001111000000000111100000000011100000000011110000000001110000000001111000000000111100000000011100000000011110000000001110000000001111000000
0111111111111110111111111111111011111111111111101111111111111100000000000011110000000000011110000000000011110000000000001110000000000001111000000000000111000000000000111100000000000011100000000000001110000000000001111000000000000111000000000000111100000000000011100000000000011110000000000001111000000000000111000000000000011100000000000001100000000000
111111111111111111111111111000000110011000000110000000001110000000001110000000001100000000011100000000011100000000011000000000111000000000111000000000110000000001110000000001110000000001100000000001100000
11111111111111011111111111110000000000111000000000001110000000000011100000000001110000000000011100000000001110000000000011100000000001111000000000011100000000001111000000000011100000000000111000000000011110000000000111000000000011110000000000111000000000011110000000
11111111111111111111111111110000000000111000000000001110000000000111000000000001110000000000111100000000001110000000000011100000000001110000000000011100000000001111000000000011100000000001111000000000011100000000000111000000000011110000000000111000000000011110000000
111111111111111111111111000000000011000000000011000000000111000000000111000000001111000000001110000000011110000000011110000000011100000000111100000000111000000001111000000001111000000001110000000011110000000011100000000111100000
11111111111111011111111111110000000000111000000000001110000000000111100000000001110000000000111100000000001110000000000011100000000001111000000000011100000000001111000000000011100000000001111000000000011110000000000111000000000011110000000000111000000000011110000000
11111111111111011111111111110000000000111000000000001110000000000111100000000001110000000000111100000000001110000000000011100000000001111000000000011100000000001111000000000011100000000001111000000000011110000000000111000000000011110000000000111000000000011110000000
1111111111111111111111111100000000001110000000000111000000000111100000000011100000000011110000000001110000000001111000000000111100000000011100000000011110000000001110000000001111000000000111100000000011100000000011110000000001110000000001111000000
1111111111111011111111111100000000001110000000000111000000000111100000000011100000000011110000000001110000000000111000000000111100000000011100000000011110000000001110000000001111000000000111100000000011100000000011110000000001110000000001111000000
1111111111111111111111111100000000001110000000000111000000000111000000000011100000000011100000000001110000000001111000000000111000000000011100000000011100000000001110000000001111000000000111000000000011100000000011100000000001110000000001111000000
111111111110111111111011100000000110000001001000000110000000001000000000110000000001000000000110000000001100000000110000000001100000000011000000001110000000011100000000111000000001110000000011100000
11111111111111111111111111110000000000111000000000001110000000000111100000000001110000000000111100000000001110000000000011100000000001111000000000011100000000001111000000000011100000000001111000000000011110000000000111000000000011110000000000111000000000011110000000
111111111111111111111111111000000111111000001110000000001110000000001110000000001100000000011100000000011100000000011000000000111000000000111000000000110000000001110000000001110000000001100000000001100000
11111111111111011111111111110000000000111000000000001110000000000111100000000001110000000000011100000000001110000000000011100000000001111000000000011100000000000111000000000011100000000000111000000000011110000000000111000000000011110000000000111000000000011110000000
111111111111111111111111111111111000000111110000001111100000111111000001111100000011111000000111110000011111100000111111000001111100000011111000001111110000011111100000111111000001111100000011111000001111110000011111100000111111000
111111111111111111111111111111111000000111110000011111100000111111000001111110000011111100000111110000011111100000111111000001111110000011111100001111110000011111100000111111000001111110000111111100001111111000011111100000111111000
111111111111111111111111111111111111000000001111000000011111000000011110000000111100000000111100000001111000000001111000000011110000000011110000000011100000000011100000000111100000000111100000000111100000000111000000001111000000000111000000
11111111111111011111111111110000000000111000000000001110000000000111100000000001110000000000111100000000001110000000000011100000000001111000000000011100000000001111000000000011100000000001111000000000011110000000000111000000000011110000000000111000000000011110000000
111111111111111111111111111111111111111111111111111111111111000000000011110000000000111110000000000111100000000001111100000000001111000000000011111000000000011110000000000111110000000001111100000000001111000000000011111000000000011110000000000111110000000001111100000000001111100000000011111000000000
1111111111111111111111111100000000001110000000000111000000000111100000000011100000000011110000000001110000000001111000000000111100000000011100000000011110000000001110000000001111000000000111100000000011100000000011110000000001110000000001111000000
1111111111111011111111111100000000001110000000000110000000000111000000000011000000000011100000000001110000000000110000000000111000000000011000000000011100000000001110000000001110000000000111000000000011000000000011100000000001110000000001110000000
1111111111111100111111111111111011111111111111001111111111111100000000000011100000000000011100000000000011100000000000011110000000000001110000000000001111000000000000111000000000000011100000000000011110000000000001110000000000001110000000000000111000000000000011100000000000011100000000000001110000000000001111000000000000111000000000000001100000000000
1111111111111111111111111111111111111111111111111110000000011110000000001111000000001111000000001111000000000111100000000111100000000011110000000001110000000001111000000000111000000000111100000000011100000000001110000000001111000000000111100000000111100000000011110000000000110000000000
11111111111111111111111111111111111111111111111111111111000000000111110000000001111000000000111100000000001110000000000111100000000001110000000000111100000000001110000000000111100000000001111000000000011100000000001111000000000011100000000001111000000000011110000000001111000000000001110000000000011000000000
1111111111111111111111110000000110100000011000000000110000000001100000000011000000001100000000011000000000110000000011000000000110000000001100000000110000000001100000000011000000000100000
