0000111111000001111111110001111000011100111000000110011100000011101110000001100111000001110001111001110000011111110000001111111000001111001111001110000011111110000000111111000000001111100000001111110000000111011100000111000111111111100000111111000
000111111000001111111110011100001110111000000111011000000111111000000111011100001110001111111100001111111100011100001110011000000111111000000111111000000011111000000111011100001110001111111100000011111000
000001111100000011000011100011100000110001100000001100110000000110011100000010000111000011000001110011000000011111000000010011110010110000011101011000000110101100000011111110000000111011000000011001100000011000011100011100000111111000
000011111100001111111111011110000111011100000011011100000011011100000011001110000111001111001111000011111110000111111110001111001111011110000011111100000001111000000001111100000001011100000011011110000111001111111111000011111100
00001111110000001111111111000111100001110001110000001110011100000011100111000000111001111000011100001111001111000001111111000000011111111000001111001111000111000001111011110000001111111000000001111110000000111111110000001110011110000111100011111111110000001111110000
0000111111100000011111111110001111000111100011100000111001111000001111011110000011100011110000111000111110011100000111111110000000111111100000111111111100001110001111100111000001111101110000001111111100000001110111000000011101110000001111011111000111100011111111111000001111111000
0000011111111000000011111111111101001111111111111110111111111111111001111100000111110011111000001111100111110000011111001111111100111100001111111111110000000111111111100000011111111111100011111000111111100111100000011111111111000000011111111111000000111111111111000011111101111111111111110011111111111111100001111111111110000000111111100000
000111111000001100001110011100000110011000000111011000000111011100000110001110000110001111101100000011111000001110111100011100001110011000000111111000000111111000000011111000000111011000000110001100001110000111111000
000111111110000111111111100111111111111111111011111111111100111111111110011111111111001111111111101111110111111111110001111111110001111111111111111110111111111111011111111111100111111111110011111111111001111111111100111111111110011111011111111111100111111111100001111111100
00000111111100000001111111111100001111111111111001111111111111110111110000011111011111000001111101111100000111110111111100011110001111111111110000001111111110000001111111111110001111000111111101111000000111111111100000001111111110000000111111111100000111110111111111111111011111111111111000011111111111000000011111110000
000011111000001111111100011111111110011110001111011100000111011100000111011100000111011110001110001111111100000111111000001111111110011100001111111100000111111000000111111000000111111100000111011110001111011111111110001111111100000011111000
000011111000001111111110001111111111011110001111011100000111011100000111011100000111001110001111001111111110000011111100001111111110011110001111011100000111011100000111111100000111111100000111011110001111001111111111001111111110000011111000
0000111111000001111111111001111000011100111000000111011100000011101110000001110111100001110001111001111000011111110000001111111100001111001111001110000011111111000000111111000000001111100000001111111000000111011110000111100111111111100000111111000
00001111110000001111111111000111100001111001110000001110011100000011100111000000111001111000011110001111001111000001111111100000011111111000011111001111000111100001111011110000001111111100000011111111000000111111110000001111011110000111100011111111110000001111110000
0001111110000011111111110011110000111101110000001110111000000111011100000011101111000011110011110011110000111111110000011111111000111110011111011110000111101110000001111111000000011111100000011111110000001111111100001111001111111111000001111110000
001111110000011111111100111111111100111100011110111000001110111000001110111000001110111100011100011111111100001111110000011111111100111100011110111000001110111000001110111000001110111000001110111100011110111111111110011111111100000111110000
00001111110000001111111111000111100001111001110000001110011100000011100111000000111001111000011110001111001111000001111111100000011111111000011111001111000111100001111011110000001111111100000001111111000000111111110000001111011110000111100011111111110000001111110000
0000111111000001111111111001111000011110111000000111011100000011101110000001110111100001111001111001111000001111111000001111111100001111001111001111000001111111000000111111000000001111110000001110111000000111011110000111100111111111100000111111000
0000111111000001111111110001111000011100111000000110011100000011101110000001110111000001110001111001110000011111110000001111111000001111001111001110000011111110000000111111000000001111100000001111110000000111011100000111000111111111100000111111000
0000111111000001111111111001111000011110111000000111011100000011101110000001110111100001111001111001111000011111111000001111111100011111001111101111000011111111000000111111100000011111110000001111111000000111011110000111100111111111100000111111000
0000111111000001111111111001111000011110111000000111011100000011101110000001110111100001111001111001111000011111111000001111111100011111001111101111000011111111000000111111100000011111110000001111111000000111011110000111100111111111100000111111000
00001111110000001111111110000111100001110001110000001100011100000011100111000000110001110000011100001111001110000000111111000000011111110000001111001111000111000001111011100000001110111000000001101110000000111011100000001110011100000111000011111111110000001111110000
0000111111100000011111111110001111000111100011100000111101111000001111011110000011100011110000111000111110011100000111111110000000111111100000111111111100001110001111100111000000111101110000001111111100000001111111000000011101110000001111011111000111100011111111111000001111111000
0001111110000111111111011100001111110000001111100000011111000000110111000011100111111110001111111110111000011111100000011111000000111110000001111100000011011100001110011111111000011111100
0000111111000001111111111001111000011110111000000111011100000011101110000001110111100001111001111001111000011111111000001111111100011111001111001111000011111111000000111111100000001111110000001111111000000111011110000111100111111111100000111111000
