0000111110000001111111110001111000111000110000001110111000000011011100000001111110000000111111000000011101100000001110111100001111001111111111100001111001110000000000111000000000011111100000011100110000001110011100001110000111111110000001111110000
0001111111000001111111110001111000111101111000001111111100000011111110000001111110000000111111100000011101110000001110111100011111001111111111100011111101110000000000111000000000011111110000011110111000001111011110001111000111111111000001111111000
0001111111000001111111110001111000111101111000001111111100000011111100000001111110000000111111100000011101110000001110111100011111001111111111100011111101110000000000111000000000011111110000011110111000001111011110001111000111111111000001111111000
00001111110000001111111110000111100011110001110000011110111100000011101110000000111011100000001111111100000011110111000000111101111000111111001111111111110000111110111100000000001110000000000011101111000000111001110000011110011110001111000011111111100000001111110000
000011111000100111111100001110001110011100000110011000000111011000000011011000000111011100000111001110001111000111111111000011111011000000000111000000000110000000001110011000111100011111111000001111100000
0000111111000001111111110000111000111100111000001111111100000011111100000001111110000000111011100000001101110000001110111100001111001111111111100001111100110000000000111000000000011101110000001110111000001111001110001111000111111111000000111111000
000011111000001111111100011111111110011110011111111100001111111100000111111100000111111100000111111100001111011110011111011111111111001111111111000111100111000000000111000000000111111100001111011110011110011111111110001111111100000111110000
0001111000000111111000011000011001100000011011000000110110000000101100000011111000000111011000011110011111111100011110011000000000100000000011000000001100100001111001111111000001111000000
100111111000011111111100111100011110111000001111111000000111111000000111110000000111111000000011111000000111111100001111011111111111000111110111000000000111000000000111111000000111111000001111111100011110011111111100001111111000
0001111110000001111111110001111000111100111000001111111000000011111100000001111110000000111111000000011101110000001110111100011111001111111111100011111101110000000000111000000000011111110000011110111000001110011110001111000111111111000001111110000
0001111111000001111111110001111000111100111000001111111100000011111110000001111110000000111111100000011101110000001110111100011111001111111111100011111101110000000000111000000000011111110000011110111000001111011110001111000111111111000001111111000
000111111100011111111110111111111111111110011111111110011111111110011111111110011111111110011111111110011111111110011111111111011111111111111111111111111111011111111111000000011111111110011111111110011111111110011111111111111111011111111110000111111000
000011111000000110000100001100000110001100000011011000000011011000000011011000000011011100000011001100000111001110001111000011110011000000000011100000000011100000000110001100000110001110001100000110011100000011110000
00001111111000000011111111110000011111111111110001111111111111001111100001111110111110000011111011110000000111101111000000011110111110000001111011111111111111100111111111111110011111111111111000011111101111100000000000111110000000000111110001000000111111000111111111111000011111111111000001111111111000000111111110000000
001111111000011111111100111100011110111000001111111000000111111000000111110000000111111000000111111000000111111100011111011111111111001111110111000000000111000000000111111000001111111000001111111100011110011111111100001111111000
0001111000000111111000011000011001100000011011000000110110000000101100000011111000000111011000011110011111111100011110011000000000100000000011000000001100100001111001111111000001111000000
001111111000011111111100111100011110111000001111111000000111111000000111110000000111111000000111111000000111111100011111011111111111001111110111000000000111000000000111111000001111111000001111111100011110011111111100001111111000
000011111000001111111100011111111110011110011111111100001111111100001111111100001111111100000111111100001111011110011111011111111111001111111111000111100111000000000111000000001111111100001111011110011110011111111110001111111100000111110000
0001111111000001111111110001111000111100111000001111111100000011111110000001111110000000111111100000011101110000001110111100011111001111111111100011111101110000000000111000000000011111110000011110111000001111011110001111000111111111000001111111000
000011111110000001111111111000011111111111110011111111111110111110000111111111110000011111111100000001111111100000001111111110000001111111111111111111011111111111111001111111111111000111111001111000000000011111000000000111110010000001111110011111111111100011111111111000011111111110000011111111000000
0001111100000101111111100011111111111001111111111110111000001111011000000011111100000000111110000000011111000000001111110000011111111111111111011111111111100111111111110000111111111000000000111000000000111100000000111100000000111100000001111100000111111100000011111000000000110000000000
0000111110000001111111110001111000111100111000001111111000000011111100000001111110000000111111000000011101110000001110111100011111001111111111100011111101110000000000111000000000011111100000011110111000001110011110001111000111111111000001111110000
0011111100000011111111100011110001111001110000011110110000000111011000000011101100000001110110000000111011100000011111111000111111011111111111000111111011100000000001110000000000111011100000111101110000011100111100011110001111111110000011111100000
0000111111000001111111110001111000111100111000001111111100000011111100000001111110000000111111100000011101110000001110111100011111001111111111100001111101111000000000111100000000011111110000011110111000001111011110001111000111111111000000111111000
