1111111111100000111111111111110011110000001111101111000000001111111100000000111111110000000001111111000000000111111100000000011111110000000001111111000000000011111100000000011111110000000001111111000000000111111100000000011111110000000011111111000000011111111100000011111011111111111110001111111111100000
111111110000011000011000011000001100011000000110011000000110011000000111011000000011011000000011011000000011011000000011011000000011011000000011011000000010011000000110011000000110011000001100011000011000111111110000
111111111100000111111111111000110000000111100110000000001110110000000000110110000000000111110000000000111110000000000111110000000000011110000000000011110000000000011110000000000011110000000000111110000000000111110000000001110110000000001110110000000111100111111111111000111111111100000
1111111111100011111111111111100111100000001111101110000000001110111000000000111111100000000001111110000000000111111000000000011111100000000000111110000000000011111000000000011111100000000001111110000000000111111000000000011111100000000011111110000000001110111000000011110011111111111110001111111111100000
0111111111110000001111111111111000011100000001111000111000000000111001110000000001110011100000000001110111000000000011101110000000000111011100000000000110111000000000001101110000000000010011100000000001110111000000000011101110000000000111011100000000011100111000000000111001110000000111100111111111111110001111111111110000010000000000000000
011111111111000000111111111111110000011111111111111100011111111111111110011110000001111110011110000000111111011110000000011111011110000000001111011110000000001111011110000000001111011110000000001111011110000000001111011110000000001111011110000000011111011110000000111111011110000001111110011111111111111110011111111111111100111111111111110000011111111111000000
1111111111100000111111111111100011100000001111001110000000001110111000000000111111100000000001111110000000000111111000000000011111100000000000111110000000000011111000000000011111100000000001111110000000000111111000000000011111100000000011111110000000001110111000000011110011111111111110001111111111100000
111111110000011100011100011100001110011100000111011100000111011100000111011100000011011100000011011100000011011100000011011100000011011100000011011100000111011100000111011100000110011100001110011100111100111111110000
111111110000011100011100011100001110011100000111011100000111011100000111011100000111011100000011011100000011011100000011011100000011011100000011011100000111011100000111011100000110011100001110011100111100111111110000
1111111111100000111111111111100011100000001111001110000000001110111000000000011011100000000001111110000000000111111000000000011111100000000000111110000000000011111000000000001111100000000001111110000000000111111000000000011111100000000011101110000000001110111000000011110011111111111110001111111111100000
01110000000000000111111000000000001111111110000000011111111110000000111101111111000001111000111111000011110000011111000111100000001111001111000000001110011110000000011111111100000000011111111000000000111111110000000001111111100000000011111111000000000111111110000000011110111100000001111101111000000111110011111111111111100111111111111110000111111111111000000001111110000000
11111111110000111111111111001011100000111000111000000111001110000001110011100000001100111000000011001110000000110011100000001100111000000011001110000000110011100000001100111000000111001110000011101111111111110011111111111000
11111111111000001111111111111000111111111111110011111111111111001110000000111110111000000001111011100000000011111111000000001111111000000000111111100000000011111110000000001111111100000000111111100000000011111111000000001111111000000001111011100000001111101111111111111100111111111111110011111111111110001111111111100000
011111111111000000111111111111110000111111111111111100111111111111111110111110000001111111011110000000111111011110000000011111011110000000001111011110000000001111011110000000001111011110000000001111111110000000001111011110000000001111011110000000011111011110000000111111011110000001111111011111111111111111011111111111111101011111111111110000011111111111000000
111111111110000111111111111000000110000001100000110000000110000110000000110000110000000011000110000000011000110000000011000110000000011000110000000011000110000000011000110000000011000110000000110000110000001110011111111111100011111111110000
011111111100000111111111111000001110000011100001110000001110001110000000110001110000000110001110000000111001110000000011001110000000011001110000000111001110000000111001110000000110001110000001110001110000011100111111111111000011111111110000
0111111111110000000011111111111111000001111000000111110000111100000000111100011110000000011110001111000000000111100111100000000011110011110000000001111101111000000000011110111100000000001111011110000000000111111111000000000111111111100000000011110111110000000001110011111000000000111001111100000000111100011110000001111100001111111111111100000111111111110000000
011111111111000000111111111111110000011111111111111100011111111111111110111110000001111110111110000000111111111110000000011111011110000000001111011110000000001111011110000000001111011110000000001111011110000000001111111110000000001111111110000000011111111110000000111111111110000001111110111111111111111110111111111111111100011111111111110000011111111111000000
0111000000000000111111000000000011111111100000001111111111000000111101111111000011110001111110001111000001111100111100000001111011110000000011101111000000001111111100000000011111110000000001111111000000000111111100000000011111110000000001111111000000001111111100000001111111110000001111101111111111111110111111111111110001111111111110000000111111000000
11111111111000000111111111111100001110000000111110011100000000011100111000000000111101110000000000111111100000000001111111000000000011111110000000000111111100000000000111111000000000001111110000000000111111100000000001111111000000000011101110000000001111011100000000011100111000000011111001111111111111000011111111111000000
111111111100000111111111111100111000000111110111000000001111111000000001111111000000000111111000000000111111000000000111111000000000011111000000000011111000000000011111000000000111111000000000111111000000000111111000000001111111000000011111111000000111110111111111111000111111111100000
