11000000001111100000001110110000001110011000001110001100001111000110000111000011000111000001100111000000111111000000011111000000001111111000000111111100000011001111000001100011110000111000111100011000001111001100000011100110000000111011000000011111100000000111
1111000000001111111100000001111011110000001111001111000011111000111100001111000011110011111000001111001111000000111101111000000011111111100000001111111111000000111111111100000011111001111000001111000011110000111100000111100011110000011111001111000000111100111100000001111011110000000011111111000000001111
111111000111110111111000111100111111001111100111111001111100111111011111000111111111111000111111111110000111111111110000111111111100000111111111100000111111111100000111111111110000111111111110000111111111111000111111111111000111111111111000111111011111100111111001111100111111001111100111111001111110111111000111110
111110011111011000001100011000001000011000010000011000110000011000100000011001000000011111000000011111100000011101100000011000110000011000110000011000011000011000011000011000001100011000001100011000000110111110001111
1110000000001111111000000001110011100000001110001110000001110000111000001110000011100001110000001110001110000000111001110000000011111111000000001111111110000000111110011100000011110001111000001110000011100000111000000111000011100000001110001110000000111100111000000001110011100000000011101110000000001111
111100000000111110111100000001111100111100000011111000111100000111110000111100000111110000111100001111100000111100011111000000111100111110000000111101111100000000111111111100000000111111111110000000111111111110000000111110111111000000111100011111100001111100001111110001111100001111110000111100000111111000111100000011111100111100000001111110111100000001111111
1110000000001111111100000001111011100000001111001110000001111000111000011111000011100001111000001110001111000000111001111000000011111111100000001111111111000000111110111100000011110001111000001110000011110000111000000111100011100000011110001110000000111100111000000001111011100000000011111110000000001111
1111000000001111111100000001111011110000001111001111000011111000111100001111000011110011111000001111001111000000111101111000000011111111100000001111111111000000111111111100000011111001111000001111000011110000111100000111100011110000011111001111000000111100111100000001111011110000000011111111000000001111
0111111000111111011111100011111100011000001111000001100001111000001110001111000000011001111000000001101111000000000111111000000000111111110000000001110011100000001110000111000000011000001100000001100000111000000110000001100011111110000011110111111000001111
111100000000111111100000001111111100000011110111100000111100111100001111000111100011110000111100111100000111101111000000111111111000000111111111100000111111111100000111110011110000111100001111000111100000111100111100000011110111100000011110111100000001111111100000000111111100000000111
111111100111111111111000111110111111101111110111111001111100111111111111100111111111111000111111111111000111111111110000111111111110000111111111110000111111111110000111111111111000111111111111000111111111111000111111111111100111111111111100111111111111100111111001111110111111001111110111111001111110111111000111111
11110000000111111111000000011110111100000011110011110000011110001111000011110000111100011110000011100011111000001111011111000000111111111100000011111111111000001111111111100000111111001111000011111000111110001111000001111000111100000111110011110000001111001111000000011110111100000001111111110000000011111111000000001111
1111000000001111111100000001111011110000001111001111000011111001111100001111000111110011111000011111001111000001111101111000000111111111100000011111111111000001111111111100000011111001111000001111000011110000111100000111100011110000011111001111000000111100111100000001111011110000000011111111000000001111
111111000000111111011110000001111110011110000001111100011110000011111000111110000111111000011110001111110000011110011111100000111110011111000000011111111110000000011111111110000000011111111111000000111111111111100000011111011111100000011110001111110000111110000111111000111110000111111100011111000011111100111110000001111110011110000001111111111110000000111111
11110000000011111100000001111111000000111111110000011110111100001111001111000111100011110011110000111101111000001111111110000011111111110000111111111110001111100111100011110000111100111100000111101111000001111111110000001111111100000001111111000000001111110000000011
0000000000000001111110000000011111111100000001111111111000000111101111110000011110000111100001111000001111000111100000011110011110000000111101111000000001111111110000000011111111110000000111111111100000001111100111100000011110000111100000111100000111100001111000000111100011110000001111000111100000001111001111000000001111011110000000011111
