01111000000001110111110000000111011111000000011101111110000001110111111100000111011111110000011101111111100001110111111110000111011110111100011101111011111001110111100111100111011110001111011111111000111111111111100001111111111110000111111111111000001111110111100000111111011110000001111101111000000011110111100000001111
0111100000000111011111000000011101111100000001110111111000000111111111110000011111111111000001111111111110000111111111111000011111111011110001110111101111000111011110011110011101111000111101110111100011111111011110000111111101111000011111110111100000111111011110000011111101111000000111110111100000001111111110000000111110000000000000001000000000000000
0110000000000000111011110000000000001110111110000000000011101111100000000000111011111100000000001111111111100000000011111111111100000000111111111111000000001111011101111000000011110111001111000000111101110011111000001111011100011110000011110111000011110000111101110000011110001110011100000011110011110111000000011110111001110000000111111111111100000000111111111111000000000111111111110000000000111111111100000000000111111111000000000000111001100000000000000000
111000000000111111100000000111111110000000111111110000000111111111000000111111111100000111111111100000111111011110000111111001111000111111001111000111111000111100111111000011100111111000011111111111000001111111111000000111111111000000111111111000000011111111000000001111111000000001111
1111000000000111111110000000011111111000000001111111110000000111111111100000011111111110000001111110111100000111111001111000011111100011100001111110001111000111111000011110011111100000111001111110000011111111111000000111111111100000001111111110000000111111111000000001111111100000000011111110000000001111
01111000000000111011110000000001110111110000000011101111110000000111011111100000001111111111100000011101110111100000111011100111100001110111000111000011101110001111000111011100001110001110111000001110011101110000011111111011100000011111110111000000011111101110000000111111011100000000111111111000000000111111110000000001111
111110000111110011100000010000111100000110001111000001000011111000011000111110000100001001110001000011011100011000100011100100001100011001100011000111010000110000111110001100001111000011000001111000100000011100001100000111000011000000110011111100000110
0110000000000000011011110000000000001111011110000000000011111111110000000000111101111100000000001111111111100000000001110111111100000000111101111111000000001111011101111000000001110111001111000000111101110001111000000111011100001111000001110111000011111000011101110000011110001111011100000011110001110111000000011110011101110000000011111111011100000000011111110111000000000011111101110000000000011111011100000000000011100111000000000000011001100000000000000000
01111000000000111011110000000001110111110000000011101111110000000111011111100000001110111111100000011101110111100000111011100111100001110111000111000011101110001111000111011100001110001110111000001110011101110000011111111111100000011111111111000000011111101110000000111111011100000000111110111000000000111101110000000001111
111000000000111111100000000111111110000000111111110000000111111111000000111111111100000111111111100000111111011110000111111001111000111111001111000111111000111100111111000011100111111000011110111111000001111111111000001111111111000000111111111000000011111111000000011111111000000001111111000000000111
1110000000000111111100000000011111111000000001111111110000000111111111000000011111111110000001111110111000000111111001110000011111100011100001111110000110000111111000011100011111100000111001111110000011111111111000000111111111100000001111111110000000111111111000000001111111100000000011111110000000001111
