00000111111110000000011111111111000001111000001111000111100000001110001110000000011110011100000000011100111100000000000000111110000000000000111111110000000000011111111100000000000011111101000000000000111101111000000000111111110000000001110011100000000011100111100000000111000111110000111100000111111111110000000011111110000
00000011111111000001111111111111001111111111111101111111111111110111110000000111011110000000000101111100000000000111111110000000011111111111100000111111111111100001111111111111000001111111111100000000011111110000000000001111110000000000111111110000000011111111111111111111111111111111111011111111111111000000111111110000
00001111111100111000111111111110110011110000011111101111000000011111011100000000111110111000000000111101111000000000000001111110000000000001111111110000000000111111111000000000000111111100000000000001111011110000000001110111100000000011110111000000000111001111000000001110001111100001111000001111111111100000000111111110000
000111111100001111111111100111111111111111111111111111111101111111111110111111111111100000011111111000000111111110000001111111100000011111111100000111111110000001111111100000011111111111110111111111111001111111111101111111111111111111011111111111100111111111100001111111000
000011111110000000111111111000001111111111100011111111111110011110000011110011100000001111011110000000000011111110000000001111111110000000111111111100000001111111110000000001111111000000000001111111000000000111111100000000111011110000001111011111111111111001111111111110000111111111100000001111110001
000000111110000000111111111100000111111111110011111111111110011111000011100111100000000000111000000000000111100000000000111111111110000111111111111100011111111111110000111111111111000000000001111100000000000111100000000001111110000000111111111111111111110111111111111100111111111111000001111111000000
00000111111100000000111111111100000111111111111010111111111111100011110000011110001110000000111100111100000000000011111110000000000111111111000000001111111111000000001111111110000000000111111100000000000011110111100000000111011110000000011100111100000011110011111111111111000111111111111000001111111111000000001111110000
00000111111110000000011111111111000001111000001111000111100000001111001110000000011110011100000000011100111100000000000000111110000000000000111111110000000000011111111100000000000011111101000000000000111111111000000000111111110000000001111011100000000011100111100000000111000111110000111100000111111111110000000011111110000
0000011111110000000111111111110000111100000111100111100000001110011100000000011101110000000001110111100000000000001111100000000000011111111100000000011111111100000000000111111000000000000011111111000000000111111100000000011101110000000001110111100000000111001111100001111000011111111111100000011111111000
0001111110110001111111111001110000111100110000001110111000000011001110000000000111110000000001111111100000011111111000000001111110000000000111011000000001101110000000110111100000111011111111111001100111111000
000111110000001100011110011000001110111000000110111000000110011000000000011100000000001111000000000011111000000000111100000000001110000000000111000000000111110000000011110000000111011000000110011110001110100011111000
0000011111110000000111111111110000111100000111100111100000001110011100000000011101110000000001110111100000000000001111100000000000011111111100000000011111111100000000000111111000000000000011111111000000000111011100000000011101110000000001110111100000000111001111100001111100011111111111100000011111111000
