111000000000000111011100000000000110011100000000001110001100000000001110001110000000011100001110000000011100000111000000011000000111000000111000000011000000111000000011100000110000000011100001110000000001100001110000000001110011100000000000110011100000000000111111000000000000111111000000000000011111000000000000011110000000000000001110000000
0111111100001111111011111110000111111100011100000000111000001110000000011100000011000000011100000001110000001110000000011000000110000000001110000111000000000011000011000000000001110011100000000000111001100000010000001111110000001000000111111000000100000001111000000010000000111100000000000000001100000000
100000000000111100000000000111110000000001111110000000001110110000000011110111000000011100111000000011100111000000111100011100000111000011100000111000011110001110000001110001110000001110011110000000111011100000000111111100000000111111000000000011111000000000011111000000000001110000000
1110000000000011111110000000001111011100000000011100111000000000111001111000000001110001110000000111000011100000001110000111100000011100000111000001110000001111000011100000011110001111000000011100011100000000111100111000000000111011110000000001111111000000000011111110000000000011111000000000000111110000010000001111100000100000001110000000
11111000000000111111111100000000011111111110000000011111011111100000001111100111110000000111100011111000000111110000111110000011111000011111000001111000001111100001111100000011111000111110000001111100011110000000011110011111000000001111101111100000000111111111100000000001111111110000000000111111111000000000011111111000000000000111111100000000000011111100000000000001111110000000
111000000000000111011100000000000110011100000000001110001100000000001110001110000000011100001110000000011100000111000000011000000111000000111000000011000000111000000011100000110000000011100001110000000001100001110000000001110011100001000000110011100001000000111111000001000000111111000001000000011111000000000000011110000000000000001110000000
11100000000001111111000000001111111100000000111111110000000011110111100000011110011110000001111001111000000111100011110000111100001111000011110000111100001111000001110001111000000111100111100000011110011100000000111001110000000011111111000000001111111000000000011111100000000001111110000000000111110000000000001111000000
000000000000111100000000000110100000000001110100000000001110110000000011100110000000011100111000000011000111000000111000011000000111000011100000110000011100001110000001100001110000001110011100000000110011100000000111111000000000111111000000000011111000000000011110000000100001110000000
11100000000000011011100000000000110111000000000011100110000000000111001110000000011100011100000000111000011100000001100000111000000111000000110000001110000001110000011000000011100001110000000011000011100000000111001110000000000110011100000000001111110000000000011111100000000000011111000000000000111100000000000000111000000
1111000000000011101111000000001111011110000000011110111100000000111100111100000011110001111000000111100011110000001111000011110000011100000111100001111000001111000011110000001111000111000000011110011110000000111100111000000000111101110000000001111111100000000011111110000000000011111100000000000111111000000000001111100000000000001111000000
111000000000011111100000000011111100000000111111100000000111011100000001111011110000001111011110000001111011110000011110001111000011110001111000111100001111000111100000111000111100000111001111000000111101111000000111101111000000111111110000000011111110000000011111100000000001111100000000001111100000000001111000000000000110000000
110000000000011110000000000111111000000001111111000000001111111000000011110111000000011110111100000011100111100000111100011100000111100011100000111000011110001111000001110001110000001110011110000001111011110000001111011100000000111111100000000111111100000000111111000000000011111000000000011110000000000011110000000000001100000000
